Different Discount Factor:
	0.95: [0 0 0 0 0 0 0 0 0 1]
	Time (ms): 2.9926300048828125
	Mean Value: 37.3240999606417
	Iterations to converge: 69

Iteration 0:
	[0 1 1 1 1 1 1 1 1 1]
	[ 0.  1.  1.  1.  1.  1.  1.  1.  1. 30.]
Iteration 1:
	[0 1 1 1 1 1 1 1 0 1]
	[ 0.855  1.     1.     1.     1.     1.     1.     1.    25.65  30.   ]
Iteration 2:
	[0 1 1 1 1 1 1 0 0 1]
	[ 0.936225  1.81225   1.81225   1.81225   1.81225   1.81225   1.81225
 22.011975 25.731225 30.81225 ]
Iteration 3:
	[0 1 1 1 1 1 0 0 0 1]
	[ 1.63841512  1.88941375  1.88941375  1.88941375  1.88941375  1.88941375
 18.90918    22.08913875 26.43341512 30.88941375]
Iteration 4:
	[0 1 1 1 1 0 0 0 0 1]
	[ 1.77109819  2.55649437  2.55649437  2.55649437  2.55649437 16.32299834
 19.04186307 22.75621937 26.56609819 31.55649437]
Iteration 5:
	[0 1 1 1 0 0 0 0 0 1]
	[ 2.35405701  2.68254328  2.68254328  2.68254328 14.12441791 16.44904725
 19.62482189 22.88226828 27.14905701 31.68254328]
Iteration 6:
	[0 1 1 0 0 0 0 0 0 1]
	[ 2.51720992  3.23635416  3.23635416 12.30001273 14.28757082 17.00285813
 19.7879748  23.43607916 27.31220992 32.23635416]
Iteration 7:
	[0 1 0 0 0 0 0 0 0 1]
	[ 3.00621775  3.39134943 10.75564582 12.45500799 14.77657864 17.1578534
 20.27698263 23.59107443 27.80121775 32.39134943]
Iteration 8:
	[0 0 0 0 0 0 0 0 0 1]
	[ 3.18519445  9.48166787 10.93462252 12.91956543 14.95555534 17.62241083
 20.45595932 24.05563186 27.98019445 32.85590686]
Iteration 9:
	[0 0 0 0 0 0 0 0 0 1]
	[ 8.4094195   9.65169573 11.34882191 13.08959329 15.36975473 17.79243869
 20.87015872 24.22565972 28.39439384 33.02593472]
Iteration 10:
	[0 0 0 0 0 0 0 0 0 1]
	[ 9.0510947  10.50213759 11.99049711 13.94003515 16.01142993 18.64288055
 21.51183392 25.07610159 29.03606904 37.98894852]
Iteration 11:
	[0 0 0 0 0 0 0 0 0 1]
	[ 9.83918163 11.11172903 12.77858405 14.54962659 16.79951687 19.252472
 22.29992085 25.68569303 33.34040498 38.59853996]
Iteration 12:
	[0 0 0 0 0 0 0 0 0 1]
	[10.43525057 11.86041162 13.37465299 15.29830918 17.39558581 20.00115458
 22.89598979 29.44076852 33.93647392 39.34722255]
Iteration 13:
	[0 0 0 0 0 0 0 0 0 1]
	[11.13200074 12.42667711 14.07140315 15.86457467 18.09233597 20.56742008
 26.16320589 30.00703401 34.63322409 39.91348805]
Iteration 14:
	[0 0 0 0 0 0 0 0 0 1]
	[11.682349   13.08858977 14.62175142 16.52648733 18.64268424 23.4270811
 26.71355415 30.66894666 35.18357235 40.5754007 ]
Iteration 15:
	[0 0 0 0 0 0 0 0 0 1]
	[12.30056741 13.61142062 15.23996982 17.04931818 21.1399775  23.94991195
 27.33177255 31.19177751 35.80179075 41.09823155]
Iteration 16:
	[0 0 0 0 0 0 0 0 0 1]
	[12.80631853 14.1987281  15.74572095 19.24323466 21.64572862 24.53721944
 27.83752368 31.779085   36.30754188 41.68553903]
Iteration 17:
	[0 0 0 0 0 0 0 0 0 1]
	[13.35651279 14.67919167 17.6695659  19.72369823 22.19592288 25.017683
 28.38771793 32.25954857 36.85773614 42.1660026 ]
Iteration 18:
	[0 0 0 0 0 0 0 0 0 1]
	[13.81957759 16.37634756 18.1326307  20.24638278 22.65898768 25.54036755
 28.85078274 32.78223311 37.32080094 42.68868715]
Iteration 19:
	[0 0 0 0 0 0 0 0 0 1]
	[15.31463703 16.81625912 18.62351714 20.68629434 23.14987412 25.98027911
 29.34166918 33.22214468 37.81168738 43.12859871]
Iteration 20:
	[0 0 0 0 0 0 0 0 0 1]
	[15.83279207 17.37799768 19.14167218 21.24803289 23.66802916 26.54201767
 29.85982422 33.78388323 38.32984242 44.54890518]
Iteration 21:
	[0 0 0 0 0 0 0 0 0 1]
	[16.36230326 17.87024496 19.67118337 21.74028018 24.19754035 27.03426495
 30.38933541 34.27613051 39.59342918 45.04115246]
Iteration 22:
	[0 0 0 0 0 0 0 0 0 1]
	[16.83347825 18.37328059 20.14235836 22.24331581 24.66871534 27.53730058
 30.8605104  35.40680076 40.06460417 45.5441881 ]
Iteration 23:
	[0 0 0 0 0 0 0 0 0 1]
	[17.30833534 18.82089683 20.61721545 22.69093205 25.14357243 27.98491682
 31.87199508 35.854417   40.53946126 45.99180434]
Iteration 24:
	[0 0 0 0 0 0 0 0 0 1]
	[17.73615865 19.27201107 21.04503876 23.14204629 25.57139574 28.89484765
 32.29981839 36.30553123 40.96728457 46.44291857]
Iteration 25:
	[0 0 0 0 0 0 0 0 0 1]
	[18.16250454 19.67844321 21.47138465 23.54847843 26.39002981 29.30127979
 32.72616427 36.71196338 41.39363045 46.84935072]
Iteration 26:
	[0 0 0 0 0 0 0 0 0 1]
	[18.55050688 20.0834718  21.85938699 24.28891342 26.77803216 29.70630839
 33.11416662 37.11699197 41.78163279 47.25437931]
Iteration 27:
	[0 0 0 0 0 0 0 0 0 1]
	[18.93366655 20.45207403 22.52931913 24.65751565 27.16119182 30.07491061
 33.49732629 37.48559419 42.16479246 47.62298153]
Iteration 28:
	[0 0 0 0 0 0 0 0 0 1]
	[19.28522162 21.06126618 22.8808742  25.02151733 27.51274689 30.4389123
 33.84888136 37.84959588 42.51634753 47.98698322]
Iteration 29:
	[0 0 0 0 0 0 0 0 0 1]
	[19.83947863 21.39524349 23.22549337 25.35549465 27.85736607 30.77288961
 34.19350053 38.18357319 42.86096671 48.32096054]
Iteration 30:
	[0 0 0 0 0 0 0 0 0 1]
	[20.17768366 21.7425473  23.56369839 25.70279846 28.19557109 31.12019342
 34.53170555 38.530877   43.19917173 48.8475047 ]
Iteration 31:
	[0 0 0 0 0 0 0 0 0 1]
	[20.50675789 22.06384207 23.89277263 26.02409323 28.52464532 31.44148819
 34.86077979 38.85217178 43.68149647 49.16879947]
Iteration 32:
	[0 0 0 0 0 0 0 0 0 1]
	[20.81272697 22.3764626  24.19874171 26.33671375 28.83061441 31.75410872
 35.16674887 39.29582148 43.98746555 49.48142   ]
Iteration 33:
	[0 0 0 0 0 0 0 0 0 1]
	[21.10908458 22.66713323 24.49509932 26.62738438 29.12697201 32.04477934
 35.57513643 39.58649211 44.28382316 49.77209062]
Iteration 34:
	[0 0 0 0 0 0 0 0 0 1]
	[21.38576194 22.94867295 24.77177668 26.90892411 29.40364937 32.42210468
 35.85181379 39.86803184 44.56050052 50.05363035]
Iteration 35:
	[0 0 0 0 0 0 0 0 0 1]
	[21.65276276 23.21151645 25.0387775  27.1717676  29.75254689 32.68494817
 36.11881461 40.13087533 44.82750134 50.31647385]
Iteration 36:
	[0 0 0 0 0 0 0 0 0 1]
	[21.90285902 23.46516722 25.28887376 27.49544005 30.00264315 32.93859895
 36.36891087 40.38452611 45.0775976  50.57012462]
Iteration 37:
	[0 0 0 0 0 0 0 0 0 1]
	[22.14348958 23.70275867 25.58937285 27.7330315  30.24327371 33.1761904
 36.60954143 40.62211756 45.31822816 50.80771607]
Iteration 38:
	[0 0 0 0 0 0 0 0 0 1]
	[22.36949018 23.9825453  25.81537344 27.96163053 30.4692743  33.40478943
 36.83554202 40.85071659 45.54422875 51.0363151 ]
Iteration 39:
	[0 0 0 0 0 0 0 0 0 1]
	[22.6301778  24.19724586 26.03229567 28.17633109 30.68619653 33.61948999
 37.05246425 41.06541715 45.76115098 51.25101567]
Iteration 40:
	[0 0 0 0 0 0 0 0 0 1]
	[22.8385121  24.40747969 26.24062998 28.38656492 30.89453084 33.82972382
 37.26079855 41.27565098 45.96948529 51.49866891]
Iteration 41:
	[0 0 0 0 0 0 0 0 0 1]
	[23.03805378 24.60539728 26.44017166 28.58448251 31.09407252 34.02764141
 37.46034024 41.47356857 46.20102056 51.6965865 ]
Iteration 42:
	[0 0 0 0 0 0 0 0 0 1]
	[23.22622978 24.79496188 26.62834766 28.77404711 31.28224852 34.21720601
 37.64851624 41.69048769 46.38919656 51.88615109]
Iteration 43:
	[0 0 0 0 0 0 0 0 0 1]
	[23.40618424 24.97372908 26.80830211 28.95281431 31.46220297 34.39597321
 37.85185881 41.86925489 46.56915102 52.06491829]
Iteration 44:
	[0 0 0 0 0 0 0 0 0 1]
	[23.57612586 25.14468581 26.97824374 29.12377104 31.6321446  34.58692678
 38.02180043 42.04021162 46.73909264 52.23587502]
Iteration 45:
	[0 0 0 0 0 0 0 0 0 1]
	[23.73843832 25.30613035 27.1405562  29.28521559 31.81155436 34.74837133
 38.18411289 42.20165617 46.9014051  52.39731957]
Iteration 46:
	[0 0 0 0 0 0 0 0 0 1]
	[23.89189309 25.46032719 27.29401097 29.45403061 31.96500913 34.90256816
 38.33756766 42.355853   47.05485987 52.55151641]
Iteration 47:
	[0 0 0 0 0 0 0 0 0 1]
	[24.03830959 25.60610922 27.45292602 29.59981265 32.11142562 35.0483502
 38.48398416 42.50163504 47.20127637 52.69729844]
Iteration 48:
	[0 0 0 0 0 0 0 0 0 1]
	[24.1768628  25.75589116 27.59147922 29.73890832 32.24997883 35.18744587
 38.62253737 42.64073071 47.33982958 52.83639411]
Iteration 49:
	[0 0 0 0 0 0 0 0 0 1]
	[24.31808891 25.8875167  27.72356858 29.87053386 32.38206818 35.31907141
 38.75462672 42.77235625 47.47191893 52.96801966]
Iteration 50:
	[0 0 0 0 0 0 0 0 0 1]
	[24.44404523 26.01386958 27.8495249  29.99688674 32.50802451 35.44542429
 38.88058304 42.89870913 47.59787525 53.10218446]
Iteration 51:
	[0 0 0 0 0 0 0 0 0 1]
	[24.56404279 26.13352809 27.96952246 30.11654525 32.62802207 35.5650828
 39.0005806  43.01836764 47.72455201 53.22184297]
Iteration 52:
	[0 0 0 0 0 0 0 0 0 1]
	[24.67775058 26.24752577 28.08323025 30.23054293 32.74172986 35.67908048
 39.11428839 43.13807603 47.8382598  53.33584065]
Iteration 53:
	[0 0 0 0 0 0 0 0 0 1]
	[24.78602084 26.35554817 28.19150051 30.33856533 32.85000012 35.78710288
 39.22744131 43.24609843 47.94653006 53.44386305]
Iteration 54:
	[0 0 0 0 0 0 0 0 0 1]
	[24.88866567 26.45840492 28.29414534 30.44142208 32.95264494 35.8941343
 39.33008614 43.34895518 48.04917489 53.5467198 ]
Iteration 55:
	[0 0 0 0 0 0 0 0 0 1]
	[24.98635944 26.5559175  28.39183912 30.53893467 33.05390807 35.99164689
 39.42777992 43.44646777 48.14686866 53.64423238]
Iteration 56:
	[0 0 0 0 0 0 0 0 0 1]
	[25.07901361 26.64872659 28.48449329 30.63479554 33.14656224 36.08445598
 39.52043409 43.53927685 48.23952283 53.73704147]
Iteration 57:
	[0 0 0 0 0 0 0 0 0 1]
	[25.16716753 26.73674805 28.57525648 30.72281701 33.23471615 36.17247744
 39.608588   43.62729832 48.32767675 53.82506293]
Iteration 58:
	[0 0 0 0 0 0 0 0 0 1]
	[25.2508005  26.82272521 28.65888946 30.80656323 33.31834912 36.25622366
 39.69222098 43.71104454 48.41130972 53.90880915]
Iteration 59:
	[0 0 0 0 0 0 0 0 0 1]
	[25.3322561  26.90217653 28.73843761 30.88601455 33.39789728 36.33567498
 39.77176913 43.79049586 48.49085787 53.98826048]
Iteration 60:
	[0 0 0 0 0 0 0 0 0 1]
	[25.40792526 26.97792848 28.81410677 30.9617665  33.47356644 36.41142693
 39.84743829 43.86624781 48.56652704 54.0656433 ]
Iteration 61:
	[0 0 0 0 0 0 0 0 0 1]
	[25.47988175 27.04981419 28.88606326 31.03365221 33.54552293 36.48331264
 39.91939478 43.93813352 48.63987792 54.137529  ]
Iteration 62:
	[0 0 0 0 0 0 0 0 0 1]
	[25.5481799  27.11817285 28.9543614  31.10201087 33.61382107 36.5516713
 39.98769292 44.00768439 48.70817606 54.20588767]
Iteration 63:
	[0 0 0 0 0 0 0 0 0 1]
	[25.61311488 27.18305609 29.01929638 31.16689411 33.67875605 36.61655454
 40.05364724 44.07256762 48.77311104 54.2707709 ]
Iteration 64:
	[0 0 0 0 0 0 0 0 0 1]
	[25.67475887 27.24474432 29.08094037 31.22858234 33.74040004 36.6791143
 40.11529123 44.13425586 48.83475503 54.33245913]
Iteration 65:
	[0 0 0 0 0 0 0 0 0 1]
	[25.73335849 27.30330611 29.13953999 31.28714413 33.79974482 36.7376761
 40.17389085 44.19281765 48.89335465 54.39102093]
Iteration 66:
	[0 0 0 0 0 0 0 0 0 1]
	[25.78899578 27.35897575 29.19517729 31.34345088 33.85538212 36.79334573
 40.22952814 44.24848728 48.94899195 54.44669056]
Iteration 67:
	[0 0 0 0 0 0 0 0 0 1]
	[25.84187887 27.41183118 29.2486051  31.39630631 33.9082652  36.84620116
 40.28241123 44.30134271 49.00187503 54.49954599]
Iteration 68:
	[0 0 0 0 0 0 0 0 0 1]
	[25.89209415 27.46253585 29.29882039 31.44654524 33.95848049 36.89644009
 40.33262651 44.35158164 49.05209032 54.54978492]
